8261448060169935465469597887004600828160075305561833203872301802314924292308184419649356910022918358455197637082815736085386441650887923217135857448458921142839988136934105600791750764396268784177351127413539489244145396500057147158516396983029575455812667809578043024022117211328961718276547552600901997247
1098677417576330280767069800015683930270339955947895616336252262841142044440251689509430503675684620811643532745427051025878938155738046848763561972219408357801523568973353811899343143373724091446653324610915776693450351410131777317193820642622658447623268072842381071629137593294057753051106296200608686786
6202284394280388420132975234029155986588846841764692615787996327399883874578103980616759590374994991393732805983188094238995209199358326758244897893732152717359344250359631874906386414727900875373434175855976206447276725679274136410109878841724378842716065856781209373127058010057823409853859993778573125315
6202284394280388420132975234029155986588846841764692615787996327399883874578103980616759590374994991393732805983188094238995209199358326758244897893732152717359344250359631874906386414727900875373434175855976206447276725679274136410109878841724378842716065856781209373127058010057823409853859993778573125315
404148094261914457927814039371603796944036512545620726612771721840681924855684853297046540973261998046875268092773235476966027643723306038488341605405044497781717504417784605795831318485489780937095925244448630314020592172312229882340348752137814808160182864303495012464282118806717538747699794183294076548
9183867565891503016171956702408216628593969158107233928301978769471311732335506221047258237016629632051964980004211322715226518079576723102881363361027081580616402512365915711609594003329029515800194312050135350098707485016656530721884829249766100433221881680968389036342419335101992048517793509344860704049
4435580701411699503883400959637333693551426234894946761462247328489859346889047062470488349023494832626314880990152991065117374289478756009954610920748338115958530018835233996738652672147307808599238644435910443119202479497782110152740085495492842623257134968560397572071332822633220931454689158352240619825
404148094261914457927814039371603796944036512545620726612771721840681924855684853297046540973261998046875268092773235476966027643723306038488341605405044497781717504417784605795831318485489780937095925244448630314020592172312229882340348752137814808160182864303495012464282118806717538747699794183294076548
6551577721221358730280046565030152994397430144295379555375207951256242352160722726487909753367700434476256017948359060658435700338548076206324626521971189815551101867620415464168516630239089698950803737985007609236523324199937091592597467560464957801689391659917861006446492323656885255406090939053863679190
6202284394280388420132975234029155986588846841764692615787996327399883874578103980616759590374994991393732805983188094238995209199358326758244897893732152717359344250359631874906386414727900875373434175855976206447276725679274136410109878841724378842716065856781209373127058010057823409853859993778573125315
1559088446239730628401477134955282032720065756251738653078682981335473845539849068803959881378616137024767938969015735080587364966340741315980988956869681789123625562561899515712449233351862117747384085480250918830274875389728349664925014312142256829516539152252052235468792215533049954747564372268599100571
9183867565891503016171956702408216628593969158107233928301978769471311732335506221047258237016629632051964980004211322715226518079576723102881363361027081580616402512365915711609594003329029515800194312050135350098707485016656530721884829249766100433221881680968389036342419335101992048517793509344860704049
3458705935450889664503429205932388113040579216947945393497050238090753144878160697087080795551748647159551371045965922757226720573598395847166969476448477886406212533976879642823121288369741808574710004205717026817249811233331879440973372659249937962831902279459333568745234878206707292510758205947941128552
4600935772858638595104940248983425471830062870544138878816663259376702786837875532546986425480712587541295822833451769255515799352170377744017810998161976123610549516657534694071026403949898806079633122962311126580047281775493568000273751852332434784188666472668350848673318691946614323246792059945330086784
1867952771790547050421293403977704620426842255846749418870317981192560157447252547987211804949732768815253882978638635915222240932820300821632922902631629103282836204372826158903384900789025798014301690396824178356076558541114789612093535383419108517882696624288482897806952173106667088419489484157849692220
3482949368148826342141056707436747506229869520649024165167510742635473825246687224624857854095266884544132733445634809651084760004084388128666337432311506666533620029399088826847528039867196606934319144209740614481142038581938268204046182670437767952938039265351762127776684701417545846778787378524379405609
627679886520205511018606411103951572088200005411563354858590727171130537045441629694599961392292713281411390506594293981262196744341843727398504741071716801580217500742900119638463592216010544377059188806602969412752845844215499808371534899527832576595194071671706647285368830470795837816821438880088720416
2874470002989091939463614762360346801631111286390400611455846040877072738212714723904548368682439586962584366249941118982312925598036839495538671969696601339259306696263986783018970063894812362852249204141765256284445579002360020812520875322175204037163141862143131676145057391694716883569458883350118705240
6534081953169168073248326085184149632505289567154359579645998516572825049055213132445564856224812490089885904660184875732768562443014304986647738487626180556358229392678860248253293128223640879862053033451569338451128468352438255119104889491321669819967679856655662407617572561855950512321468587916170279406
4982562372109868174926931498622468288060181854650299319077331675368030385302183883497339693136891242218783954717732096410329455075275661873400847543887573779514315418242111498282885814240304098187332725340001600208675390233677415230385282558221071955530732830115813645386451830899699454708194856462143613751
1174683729287196643262195568352471267962815954359298541970803511897001781444654759593919541817154329226758152507095187653088984704665422378937398151426930344180402816254445408857360959919541826326076396997500913422724159243631341684734895599031801071891167237527460099275327030264732884912074835042669729642
9183867565891503016171956702408216628593969158107233928301978769471311732335506221047258237016629632051964980004211322715226518079576723102881363361027081580616402512365915711609594003329029515800194312050135350098707485016656530721884829249766100433221881680968389036342419335101992048517793509344860704049
8261448060169935465469597887004600828160075305561833203872301802314924292308184419649356910022918358455197637082815736085386441650887923217135857448458921142839988136934105600791750764396268784177351127413539489244145396500057147158516396983029575455812667809578043024022117211328961718276547552600901997247
1098677417576330280767069800015683930270339955947895616336252262841142044440251689509430503675684620811643532745427051025878938155738046848763561972219408357801523568973353811899343143373724091446653324610915776693450351410131777317193820642622658447623268072842381071629137593294057753051106296200608686786
705810695726690463653208406885574351865944354088719486328374205992813718780652895772634308753522740917189219334871807245004136046895999083939464518998400710593695667545568251565988706235319122540204448411534048077194163875996766741009705802425045363307605787122555747563429087128848142312027406314430920975
6728315976151318978216727395331992951447205673151400683952429548222659896689796463548309231175807815083991242549696830220564545868369642659793312668725257737811130875447477381958522370367871245002762528936958319263355727899719592609306197732332881795538923790644285182318732638355880637451534379817722651781
6728315976151318978216727395331992951447205673151400683952429548222659896689796463548309231175807815083991242549696830220564545868369642659793312668725257737811130875447477381958522370367871245002762528936958319263355727899719592609306197732332881795538923790644285182318732638355880637451534379817722651781
6728315976151318978216727395331992951447205673151400683952429548222659896689796463548309231175807815083991242549696830220564545868369642659793312668725257737811130875447477381958522370367871245002762528936958319263355727899719592609306197732332881795538923790644285182318732638355880637451534379817722651781
4625072856709962745874905983217812128610506513871188202849991776219346121551584174558009746718107370957819163871868569255928997211779958146028597424807653952045203918783913692709035280195249246087005809567053409985494026679337817382257529288780370391173517314257610508301566500463136308361973575100293880651
